# GIMP colorrc
# 
# This file holds a list of recently used colors.

(color-history
    (color-rgba 0.70980393886566162 0.70980393886566162 0.70980393886566162 1)
    (color-rgba 0.94509804248809814 0.94509804248809814 0.98039215803146362 1)
    (color-rgba 0.94655729555058421 0.94655729555058421 0.97942386831275718 1)
    (color-rgba 0.88366890380313201 0.88366890380313201 0.97530864197530864 1)
    (color-rgba 1 1 1 1)
    (color-rgba 0.92799734857900396 0.92799734857900396 0.98765432098765427 1)
    (color-rgba 0.60000002384185791 0.60000002384185791 0.98823529481887817 1)
    (color-rgba 0.39215686917304993 0.82352942228317261 0.97254902124404907 1)
    (color-rgba 0.14117647707462311 0.15294118225574493 0.22745098173618317 1)
    (color-rgba 0.93415637860082301 0.93415637860082301 0.93415637860082301 1)
    (color-rgba 0.90678598061148397 0.9354092754540182 0.93827160493827155 1)
    (color-rgba 0.87450981140136719 0.88627451658248901 0.89803922176361084 1)
    (color-rgba 0.81568628549575806 0.83921569585800171 0.86666667461395264 1)
    (color-rgba 0.88235294818878174 0.89411765336990356 0.89803922176361084 1)
    (color-rgba 0.27450981736183167 0.35294118523597717 0.82745099067687988 1)
    (color-rgba 0.87058824300765991 0.89411765336990356 0.90196079015731812 1)
    (color-rgba 0.364705890417099 0.40392157435417175 0.42745098471641541 1)
    (color-rgba 0.60784316062927246 0.65882354974746704 0.68235296010971069 1)
    (color-rgba 0.34117648005485535 0.37647059559822083 0.40392157435417175 1)
    (color-rgba 0.56470590829849243 0.61176472902297974 0.63137257099151611 1)
    (color-rgba 0.47058823704719543 0.51372551918029785 0.53333336114883423 1)
    (color-rgba 0.60392159223556519 0.64705884456634521 0.67058825492858887 1)
    (color-rgba 0.73725491762161255 0.76862746477127075 0.7921568751335144 1)
    (color-rgba 0.83137255907058716 0.86666667461395264 0.89411765336990356 1)
    (color-rgba 0.29803922772407532 0.3333333432674408 0.35294118523597717 1)
    (color-rgba 0.43529412150382996 0.47450980544090271 0.49803921580314636 1)
    (color-rgba 0.83921569585800171 0.87058824300765991 0.87843137979507446 1)
    (color-rgba 0.70588237047195435 0.72156864404678345 0.73333334922790527 1)
    (color-rgba 0.60392159223556519 0.65882354974746704 0.68235296010971069 1)
    (color-rgba 0.21568627655506134 0.25882354378700256 0.28235295414924622 1)
    (color-rgba 0 0 0 1)
    (color-rgba 0.78431373834609985 0.10588235408067703 0.10588235408067703 1)
    (color-rgba 0.32307692307692304 0.13226639132679399 0.13226639132679399 1)
    (color-rgba 0.7846153846153846 0.10531750129065567 0.10531750129065567 1)
    (color-rgba 0.85882353782653809 0.30588236451148987 0.34509804844856262 1)
    (color-rgba 0.56470588235294117 0.7803921568627451 0.53725490196078429 1)
    (color-rgba 0.34509804844856262 0.27450981736183167 0.22352941334247589 1)
    (color-rgba 0.37692307692307692 0.25060204389476182 0.15937016004130095 1)
    (color-rgba 0.31923076923076921 0.23588107005297373 0.17568404749612801 1)
    (color-rgba 0.80784314870834351 0.85490196943283081 0.89411765336990356 1)
    (color-rgba 0.15294118225574493 0.29803922772407532 0.45098039507865906 1)
    (color-rgba 0.16862745583057404 0.31764706969261169 0.47450980544090271 1)
    (color-rgba 0.52287041817243152 0.66505020072584931 0.81153846153846154 1)
    (color-rgba 0.15100671140939595 0.29827206250626054 0.44999999999999996 1)
    (color-rgba 0.85882353782653809 0.90196079015731812 0.93333333730697632 1)
    (color-rgba 0.80846670108415075 0.85554664230967781 0.89230769230769225 1)
    (color-rgba 0.16827568404749615 0.31840166745004961 0.47307692307692306 1)
    (color-rgba 0.85934434692823958 0.90161192962948256 0.93461538461538463 1)
    (color-rgba 0.34615384615384615 0.27552916881775935 0.2253484770263294 1)
    (color-rgba 0.60784316062927246 0.73725491762161255 0.87058824300765991 1)
    (color-rgba 0.60769230769230775 0.51984829832016199 0.44455343314403717 1)
    (color-rgba 0.60671140939597312 0.73595170962233436 0.86923076923076925 1)
    (color-rgba 0 0 0 6.953242753699163e-310)
    (color-rgba 0.99607843137254903 0.90588235294117647 0.36078431372549019 1)
    (color-rgba 0.34509803921568627 0.396078431372549 0.94901960784313721 1)
    (color-rgba 0.4392156862745098 0.396078431372549 0.90196078431372551 1)
    (color-rgba 0.21176470588235294 0.22352941176470589 0.24313725490196078 1)
    (color-rgba 0.32156863808631897 0.29019609093666077 0.21568627655506134 1)
    (color-rgba 0.25098040699958801 0.21176470816135406 0.11764705926179886 1)
    (color-rgba 0.11340206185567014 0.10109911900714799 0.089047256624922189 1)
    (color-rgba 0.25257731958762886 0.21289826328280562 0.11866048571230886 1)
    (color-rgba 0.23921568691730499 0.19607843458652496 0.16862745583057404 1)
    (color-rgba 0.0039215688593685627 0.0039215688593685627 0.0039215688593685627 1)
    (color-rgba 0.046391752577319534 0.044751526633431737 0.04421227426831794 1)
    (color-rgba 0.98823529481887817 0.78039216995239258 0.14117647707462311 1)
    (color-rgba 0.90196079015731812 0.91764706373214722 0.91764706373214722 1)
    (color-rgba 0.61176472902297974 0.14509804546833038 0.13333334028720856 1)
    (color-rgba 0.45490196347236633 0.14901961386203766 0.66274511814117432 1)
    (color-rgba 0.94901961088180542 0.5372549295425415 0.65882354974746704 1)
    (color-rgba 0.96078431606292725 0.45490196347236633 0.062745101749897003 1)
    (color-rgba 0.729411780834198 0.24705882370471954 0.68627452850341797 1)
    (color-rgba 0.43529412150382996 0.73333334922790527 0.094117648899555206 1)
    (color-rgba 0.54509806632995605 0.54509806632995605 0.50980395078659058 1)
    (color-rgba 0.23137255012989044 0.70588237047195435 0.85882353782653809 1)
    (color-rgba 0.32941177487373352 0.42745098471641541 0.10980392247438431 1)
    (color-rgba 0.24313725531101227 0.25882354378700256 0.27450981736183167 1)
    (color-rgba 0.086274512112140656 0.51764708757400513 0.56470590829849243 1)
    (color-rgba 0.44705882668495178 0.27843138575553894 0.15686275064945221 1)
    (color-rgba 0.19607843458652496 0.20784313976764679 0.60392159223556519 1)
    (color-rgba 0.12156862765550613 0.12156862765550613 0.13725490868091583 1)
    (color-rgba 0.061776061776061764 0.061776061776061764 0.061776061776061764 1)
    (color-rgba 0.11196911196911197 0.11196911196911197 0.093933818766033531 1)
    (color-rgba 0.11372549086809158 0.11372549086809158 0.098039217293262482 1)
    (color-rgba 0.1428571428571429 0.1428571428571429 0.12751677852348997 1)
    (color-rgba 0.67567567567567566 0.6620017038688758 0.45347360783602386 1)
    (color-rgba 0.88235294818878174 0.90980392694473267 0.65882354974746704 1)
    (color-rgba 0.22352941334247589 0.22352941334247589 0.21176470816135406 1)
    (color-rgba 0.11196911196911197 0.11196911196911197 0.09919411261693141 1)
    (color-rgba 0.17254902422428131 0.17254902422428131 0.15686275064945221 1)
    (color-rgba 0.22393822393822393 0.22310582588771088 0.21041175403591511 1)
    (color-rgba 0.17374517374517373 0.17274055540834762 0.15742012386307688 1)
    (color-rgba 0.729411780834198 0.7137255072593689 0.47450980544090271 1)
    (color-rgba 0.90196079015731812 0.94117647409439087 0.67843139171600342 1)
    (color-rgba 0.61960786581039429 0 0 1)
    (color-rgba 0.15686275064945221 0.15686275064945221 0.15686275064945221 1)
    (color-rgba 0.29803922772407532 0.729411780834198 0.84705883264541626 1)
    (color-rgba 0.65882354974746704 0.9686274528503418 1 1)
    (color-rgba 0.50196081399917603 0.89803922176361084 0.93725490570068359 1)
    (color-rgba 0.0039215688593685627 0.7450980544090271 0.94901961088180542 1)
    (color-rgba 0.83137255907058716 0.63529413938522339 0 1)
    (color-rgba 0.83137255907058716 0.68627452850341797 0.21568627655506134 1)
    (color-rgba 0.25098040699958801 0.25098040699958801 0.25098040699958801 1)
    (color-rgba 0.32549020648002625 0.10588235408067703 0.10588235408067703 1)
    (color-rgba 0.16862745583057404 0.16862745583057404 0.16862745583057404 1)
    (color-rgba 0.12549020349979401 0.12549020349979401 0.12549020349979401 1)
    (color-rgba 0.16470588743686676 0.054901961237192154 0.054901961237192154 1)
    (color-rgba 0.57647061347961426 0.51372551918029785 0.29411765933036804 1)
    (color-rgba 0.63529413938522339 0.57647061347961426 0.36862745881080627 1)
    (color-rgba 0.27413127413127414 0.14447814217190497 0.07543209556632377 1)
    (color-rgba 0.3058688239170736 0.3359073359073359 0.067632349511544163 1)
    (color-rgba 0.36654154163417985 0.40154440154440152 0.088932652691041947 1)
    (color-rgba 0.48262548262548266 0.46556707112277068 0.34010520587701798 1)
    (color-rgba 0.35663825832518015 0.43243243243243246 0.21186286958099038 1)
    (color-rgba 0.9073359073359073 0.75509833899095646 0.83974007583139254 1)
    (color-rgba 0.94594594594594594 0.59042263740250311 0.78808810624518977 1)
    (color-rgba 0.4117647111415863 0.32941177487373352 0.20000000298023224 1)
    (color-rgba 0.92156863212585449 0.92156863212585449 0.92156863212585449 1)
    (color-rgba 0.7450980544090271 0.7450980544090271 0.7450980544090271 1)
    (color-rgba 0.44705882668495178 0.44705882668495178 0.44705882668495178 1)
    (color-rgba 0.70980393886566162 0.19215686619281769 0.16078431904315948 1)
    (color-rgba 0.5215686559677124 0.10196078568696976 0.10196078568696976 1)
    (color-rgba 0.25490197539329529 0.20392157137393951 0.12941177189350128 1)
    (color-rgba 0.61176470588235299 0.89803921568627454 0.93725490196078431 4.6561645714407694e-310)
    (color-rgba 0.61176472902297974 0.89803922176361084 0.93725490570068359 1)
    (color-rgba 0.54441725214703374 0.21020445181519001 0.80308880308880304 1)
    (color-rgba 0.6107900805887384 0.89650456640169252 0.93822393822393824 1)
    (color-rgba 0.175688632064471 0.43629343629343631 0.4151633170316284 1)
    (color-rgba 0.18146718146718144 0.02801171257547096 0.044259938868279371 1)
    (color-rgba 1 0 0.10588235408067703 1)
    (color-rgba 0.69411766529083252 0.69411766529083252 0.69411766529083252 1)
    (color-rgba 0.38431373238563538 0.38431373238563538 0.38431373238563538 1)
    (color-rgba 0.67058825492858887 0.45882353186607361 0.79607844352722168 1)
    (color-rgba 0.44313725829124451 0.26666668057441711 0.54901963472366333 1)
    (color-rgba 0.96078431606292725 0.56078433990478516 0.77254903316497803 1)
    (color-rgba 0.88235294818878174 0.3960784375667572 0.65490198135375977 1)
    (color-rgba 0.9529411792755127 0.66274511814117432 0.30196079611778259 1)
    (color-rgba 0.81176471710205078 0.41568627953529358 0.12941177189350128 1)
    (color-rgba 0.78039216995239258 0.094117648899555206 0.60392159223556519 1)
    (color-rgba 0.84705883264541626 0.36862745881080627 0.72156864404678345 1)
    (color-rgba 0.55686277151107788 0.68627452850341797 0.89019608497619629 1)
    (color-rgba 0.21960784494876862 0.42745098471641541 0.75686275959014893 1)
    (color-rgba 0.94117647409439087 0.94117647409439087 0.94117647409439087 1)
    (color-rgba 0.72549021244049072 0.72549021244049072 0.72549021244049072 1)
    (color-rgba 0.83921569585800171 0.82352942228317261 0.34117648005485535 1)
    (color-rgba 0.94117647409439087 0.74117648601531982 0 1)
    (color-rgba 0.3490196168422699 0.50196081399917603 0.15686275064945221 1)
    (color-rgba 0.17254902422428131 0.25490197539329529 0.066666670143604279 1)
    (color-rgba 0.41960784792900085 0.41960784792900085 0.41960784792900085 1)
    (color-rgba 0.39215686917304993 0.59215688705444336 0.62745100259780884 1)
    (color-rgba 0.050980392843484879 0.35686275362968445 0.4117647111415863 1)
    (color-rgba 0.3803921639919281 0.28627452254295349 0.24705882370471954 1)
    (color-rgba 0.20392157137393951 0.13333334028720856 0.10196078568696976 1)
    (color-rgba 0.45882353186607361 0.48235294222831726 0.88235294818878174 1)
    (color-rgba 0.12156862765550613 0.14509804546833038 0.54117649793624878 1)
    (color-rgba 0.23137255012989044 0.23137255012989044 0.23137255012989044 1)
    (color-rgba 0.45692000725557774 0.48331382204565065 0.88416988416988418 1)
    (color-rgba 0.11971703246871034 0.14571385150017468 0.54054054054054057 1)
    (color-rgba 0.38223938223938225 0.2872218290839213 0.24627503822134694 1)
    (color-rgba 0.20463320463320467 0.13265020981846151 0.10162991371045063 1)
    (color-rgba 0.39281179549635931 0.59372686671797859 0.62934362934362942 1)
    (color-rgba 0.049908009639553275 0.35843414387634526 0.41312741312741308 1)
    (color-rgba 0.4208494208494209 0.4208494208494209 0.4208494208494209 1)
    (color-rgba 0.15830115830115832 0.15830115830115832 0.15830115830115832 1)
    (color-rgba 0.23552123552123549 0.23552123552123549 0.23552123552123549 1)
    (color-rgba 0.34921784987758769 0.50193050193050193 0.15832707107874894 1)
    (color-rgba 0.17121435030859589 0.25482625482625487 0.06669948951828146 1)
    (color-rgba 0.556684200979503 0.68610801986459535 0.89189189189189189 1)
    (color-rgba 0.21839288953382915 0.42625538653109857 0.7567567567567568 1)
    (color-rgba 0.33577777201938269 0.80694980694980689 0.44129120069106076 1)
    (color-rgba 0.13332124070379103 0.56756756756756754 0.23056559189336259 1)
    (color-rgba 0.84555984555984554 0.3688683890026172 0.7222458394234198 1)
    (color-rgba 0.82239382239382242 0.31460703272783813 0.69103584977752541 1)
    (color-rgba 0.77992277992277992 0.094218859319530501 0.60253991243081984 1)
    (color-rgba 0.95366795366795365 0.66379401682969885 0.30082143504962294 1)
    (color-rgba 0.81081081081081074 0.41424026187312946 0.13060039905677487 1)
    (color-rgba 0.96138996138996136 0.56134850094581634 0.77449800496624899 1)
    (color-rgba 0.88416988416988418 0.39757974657303519 0.65684398977135638 1)
    (color-rgba 0.86872586872586877 0.26819724806301987 0.68555304620708446 1)
    (color-rgba 0.67201497058199378 0.45907076779560002 0.79536679536679533 1)
    (color-rgba 0.44433830321731632 0.26493223808660049 0.54826254826254828 1)
    (color-rgba 0.82239382239382242 0.27597108134020881 0.27597108134020881 1)
    (color-rgba 0.63706563706563712 0.11971703246871031 0.11971703246871031 1)
    (color-rgba 0.78764478764478763 0.14801378559767817 0.14801378559767817 1)
    (color-rgba 0.69498069498069492 0.69498069498069492 0.69498069498069492 1)
    (color-rgba 0.60231660231660233 0.60231660231660233 0.60231660231660233 1)
    (color-rgba 0.48262548262548266 0.48262548262548266 0.48262548262548266 1)
    (color-rgba 0.38610038610038611 0.38610038610038611 0.38610038610038611 1)
    (color-rgba 0.72586872586872586 0.72586872586872586 0.72586872586872586 1)
    (color-rgba 0.94208494208494209 0.94208494208494209 0.94208494208494209 1)
    (color-rgba 0.83783783783783783 0.82446404321971167 0.34300743696716846 1)
    (color-rgba 0.94208494208494209 0.74202829415184601 0 1)
    (color-rgba 0.23166023166023164 0.23166023166023164 0.23166023166023164 1)
    (color-rgba 0.11196911196911197 0.11196911196911197 0.11196911196911197 1)
    (color-rgba 0.81081081081081074 0.070741882822419722 0.070741882822419722 1)
    (color-rgba 0.15091601668782872 0.80308880308880304 0.16098818327317194 1)
    (color-rgba 0.80308880308880304 0.15091601668782872 0.15091601668782872 1)
    (color-rgba 0.33634785312637661 0.46313036958524223 0.84942084942084939 1)
    (color-rgba 0.50965250965250963 0.50965250965250963 0.50965250965250963 1)
    (color-rgba 0.89019608497619629 0.67058825492858887 0.48235294222831726 1)
    (color-rgba 0.46666666865348816 0.54117649793624878 0.39215686917304993 1)
    (color-rgba 0.60392159223556519 0.72156864404678345 0.47843137383460999 1)
    (color-rgba 0.65490198135375977 0.48627451062202454 0.31372550129890442 1)
    (color-rgba 0.62745100259780884 0.46274510025978088 0.29411765933036804 1)
    (color-rgba 0.80392158031463623 0.65098041296005249 0.47058823704719543 1)
    (color-rgba 0.70980393886566162 0.54509806632995605 0.35686275362968445 1)
    (color-rgba 0.46274510025978088 0.29019609093666077 0.20392157137393951 1)
    (color-rgba 0.39215686917304993 0.27058824896812439 0.21176470816135406 1)
    (color-rgba 0.65637065637065639 0.48659012205587016 0.31276722551890335 1)
    (color-rgba 0.74903474903474909 0.56522107251717202 0.37703091394366567 1)
    (color-rgba 0.57254904508590698 0.40000000596046448 0.24313725531101227 1)
    (color-rgba 0.50196081399917603 0.29803922772407532 0.21176470816135406 1)
    (color-rgba 1 0 0 1)
    (color-rgba 0.46856989052269415 0.54054054054054057 0.39180119717032474 1)
    (color-rgba 0.63921568627450975 0.37647058823529411 0.25490196078431371 1)
    (color-rgba 0.78764478764478763 0.13215516571221267 0.13215516571221267 1)
    (color-rgba 0.71042471042471045 0.32723976192660603 0.1621103366069809 1)
    (color-rgba 0.36078432202339172 0.54509806632995605 0.12941177189350128 1)
    (color-rgba 0.41559884429011945 0.44015444015444016 0.38402736389313569 1)
    (color-rgba 0.35686275362968445 0.4117647111415863 0.28627452254295349 1)
    (color-rgba 0.5058823823928833 0.364705890417099 0.26666668057441711 1)
    (color-rgba 0.36217317509263819 0.54440154440154442 0.12787955740975876 1)
    (color-rgba 0.50579150579150578 0.36470452955352284 0.26817133528542925 1)
    (color-rgba 0.4117647111415863 0.33725491166114807 0.28627452254295349 1)
    (color-rgba 0.35748137406555169 0.41312741312741308 0.28558472182633254 1)
    (color-rgba 0.41312741312741308 0.3387685467704124 0.28558472182633254 1)
    (color-rgba 0.22745098173618317 0.29803922772407532 0.14901961386203766 1)
    (color-rgba 0.31372550129890442 0.4117647111415863 0.17254902422428131 1)
    (color-rgba 0.42352941632270813 0.50196081399917603 0.19215686619281769 1)
    (color-rgba 0.43921568989753723 0.57254904508590698 0.17647059261798859 1)
    (color-rgba 0.36862745881080627 0.29411765933036804 0.18431372940540314 1)
    (color-rgba 0.39215686917304993 0.31372550129890442 0.18431372940540314 1)
    (color-rgba 0.41568627953529358 0.3333333432674408 0.20392157137393951 1)
    (color-rgba 0.40392157435417175 0.32156863808631897 0.19215686619281769 1)
    (color-rgba 0.42745098471641541 0.34509804844856262 0.21568627655506134 1)
    (color-rgba 0.48627451062202454 0.38431373238563538 0.24313725531101227 1)
    (color-rgba 0.60392159223556519 0.47843137383460999 0.29411765933036804 1)
    (color-rgba 0.21960784494876862 0.16862745583057404 0.094117648899555206 1)
    (color-rgba 0.89803922176361084 0.77254903316497803 0.70588237047195435 1)
    (color-rgba 0.19564147080925601 0.58301158301158296 0.24649314577017914 1)
    (color-rgba 0.96862745098039216 0.96862745098039216 0.96862745098039216 1)
    (color-rgba 0.9137254901960784 0.9137254901960784 0.9137254901960784 1)
    (color-rgba 0.85882352941176465 0.85882352941176465 0.85882352941176465 1)
    (color-rgba 0.80392156862745101 0.80392156862745101 0.80392156862745101 1)
    (color-rgba 0.75294117647058822 0.75294117647058822 0.75294117647058822 1)
    (color-rgba 0.69803921568627447 0.69803921568627447 0.69803921568627447 1)
    (color-rgba 0.64313725490196083 0.64313725490196083 0.64313725490196083 1)
    (color-rgba 0.59215686274509804 0.59215686274509804 0.59215686274509804 1)
    (color-rgba 0.53725490196078429 0.53725490196078429 0.53725490196078429 1)
    (color-rgba 0.4823529411764706 0.4823529411764706 0.4823529411764706 1)
    (color-rgba 0.42745098039215684 0.42745098039215684 0.42745098039215684 1)
    (color-rgba 0.37647058823529411 0.37647058823529411 0.37647058823529411 1)
    (color-rgba 0.32156862745098042 0.32156862745098042 0.32156862745098042 1)
    (color-rgba 0.26666666666666666 0.26666666666666666 0.26666666666666666 1)
    (color-rgba 0.21176470588235294 0.21176470588235294 0.21176470588235294 1)
    (color-rgba 0.16078431372549021 0.16078431372549021 0.16078431372549021 1)
    (color-rgba 0.10588235294117647 0.10588235294117647 0.10588235294117647 1))

# end of colorrc
